20 10 11 14 32 19 46 12 2 33 22 13 24 31 38 47 4 28 41 9 23 44 34 25 3 1 40 8 7 0 39 37 30 43 17 6 27 35 26 29 5 36 18 42 16 45 15 21 20|13815	
27 6 17 35 43 30 37 8 0 39 14 32 45 29 42 26 16 36 18 5 24 13 12 10 22 11 19 46 20 38 31 4 47 41 23 9 34 44 25 3 1 28 40 2 15 21 7 33 27|13186	
27 6 17 35 43 30 37 8 0 7 21 10 22 2 15 40 33 24 13 12 46 20 38 31 19 11 32 45 14 39 26 18 36 5 29 42 16 47 4 28 23 9 25 3 41 34 44 1 27|13137	
28 33 2 21 15 0 8 7 37 35 27 6 17 43 30 45 32 11 14 39 42 29 36 18 26 5 16 19 46 10 22 13 24 12 20 38 31 23 41 4 47 9 34 44 3 25 1 40 28|13502	
28 47 4 13 12 24 33 2 21 15 8 0 7 14 32 45 11 46 20 31 38 35 27 6 17 43 30 37 39 22 10 19 26 18 36 5 29 42 16 40 25 3 41 23 9 34 44 1 28|13076	
30 43 17 6 27 35 29 36 5 26 18 16 42 11 10 22 12 13 24 2 15 8 37 39 14 32 45 0 21 33 28 47 4 31 38 40 19 46 20 23 9 41 34 44 25 3 1 7 30|13876	
35 45 32 14 11 19 17 6 43 30 37 8 0 7 39 15 21 22 10 12 20 46 13 24 4 47 41 9 23 31 38 33 2 40 28 1 3 25 34 44 5 29 16 26 18 36 42 27 35|14064	
37 8 0 7 15 21 2 33 24 13 22 10 11 14 39 45 32 35 17 6 27 36 18 26 29 5 42 16 43 30 20 46 12 38 31 4 47 41 9 23 3 25 44 34 1 28 40 19 37|13614	
40 33 13 24 12 20 46 10 11 14 39 8 37 30 43 17 6 27 35 29 36 18 26 42 5 16 19 32 45 7 0 21 15 2 22 47 4 38 31 9 34 44 25 3 1 28 41 23 40|12991	
47 4 28 1 41 9 23 24 13 0 8 7 37 39 14 32 45 43 17 6 35 27 5 26 42 36 18 29 16 19 11 10 22 2 33 12 46 20 38 31 15 21 40 44 34 25 3 30 47|13007	
6 17 27 35 30 37 7 8 0 14 11 32 45 43 36 18 26 42 16 5 29 46 10 22 13 24 12 38 31 20 19 39 2 21 15 40 33 28 4 47 23 41 9 34 44 25 3 1 6|13746	
