9.765625E-5 9.765625E-5 9.765625E-5 9.765625E-5 9.765625E-5 9.765625E-5 9.765625E-5 2.587631E-4 2.587631E-4 9.765625E-5 9.765625E-5 9.765625E-5 9.765625E-5 9.765625E-5 9.765625E-5 9.765625E-5 9.765625E-5 9.765625E-5 9.765625E-5 9.765625E-5 9.765625E-5 9.765625E-5 9.765625E-5 9.765625E-5 9.765625E-5 9.765625E-5 9.765625E-5 9.765625E-5 9.765625E-5 9.765625E-5 9.765625E-5 9.765625E-5 9.765625E-5 9.765625E-5 9.765625E-5 9.765625E-5 9.765625E-5 9.765625E-5 9.765625E-5 9.765625E-5 9.765625E-5 9.765625E-5 9.765625E-5 9.765625E-5 9.765625E-5 9.765625E-5 9.765625E-5 9.765625E-5 
9.765625E-5 9.765625E-5 9.765625E-5 9.765625E-5 9.765625E-5 9.765625E-5 9.765625E-5 9.765625E-5 9.765625E-5 9.765625E-5 9.765625E-5 9.765625E-5 9.765625E-5 9.765625E-5 9.765625E-5 9.765625E-5 9.765625E-5 9.765625E-5 9.765625E-5 9.765625E-5 9.765625E-5 9.765625E-5 9.765625E-5 9.765625E-5 9.765625E-5 9.765625E-5 9.765625E-5 9.765625E-5 2.587631E-4 9.765625E-5 9.765625E-5 9.765625E-5 9.765625E-5 9.765625E-5 9.765625E-5 9.765625E-5 9.765625E-5 9.765625E-5 9.765625E-5 9.765625E-5 9.765625E-5 9.765625E-5 9.765625E-5 9.765625E-5 2.587631E-4 9.765625E-5 9.765625E-5 9.765625E-5 
9.765625E-5 9.765625E-5 9.765625E-5 9.765625E-5 9.765625E-5 9.765625E-5 9.765625E-5 9.765625E-5 9.765625E-5 9.765625E-5 9.765625E-5 9.765625E-5 9.765625E-5 2.587631E-4 9.765625E-5 9.765625E-5 9.765625E-5 9.765625E-5 9.765625E-5 9.765625E-5 9.765625E-5 2.587631E-4 9.765625E-5 9.765625E-5 9.765625E-5 9.765625E-5 9.765625E-5 9.765625E-5 9.765625E-5 9.765625E-5 9.765625E-5 9.765625E-5 9.765625E-5 9.765625E-5 9.765625E-5 9.765625E-5 9.765625E-5 9.765625E-5 9.765625E-5 9.765625E-5 9.765625E-5 9.765625E-5 9.765625E-5 9.765625E-5 9.765625E-5 9.765625E-5 9.765625E-5 9.765625E-5 
9.765625E-5 9.765625E-5 9.765625E-5 9.765625E-5 9.765625E-5 9.765625E-5 9.765625E-5 9.765625E-5 9.765625E-5 9.765625E-5 9.765625E-5 9.765625E-5 9.765625E-5 9.765625E-5 9.765625E-5 9.765625E-5 9.765625E-5 9.765625E-5 9.765625E-5 9.765625E-5 9.765625E-5 9.765625E-5 9.765625E-5 9.765625E-5 9.765625E-5 2.587631E-4 9.765625E-5 9.765625E-5 9.765625E-5 9.765625E-5 9.765625E-5 9.765625E-5 9.765625E-5 9.765625E-5 2.587631E-4 9.765625E-5 9.765625E-5 9.765625E-5 9.765625E-5 9.765625E-5 9.765625E-5 9.765625E-5 9.765625E-5 9.765625E-5 9.765625E-5 9.765625E-5 9.765625E-5 9.765625E-5 
9.765625E-5 9.765625E-5 9.765625E-5 9.765625E-5 9.765625E-5 9.765625E-5 9.765625E-5 9.765625E-5 9.765625E-5 2.587631E-4 9.765625E-5 9.765625E-5 9.765625E-5 9.765625E-5 9.765625E-5 9.765625E-5 9.765625E-5 9.765625E-5 9.765625E-5 9.765625E-5 9.765625E-5 9.765625E-5 9.765625E-5 9.765625E-5 9.765625E-5 9.765625E-5 9.765625E-5 9.765625E-5 9.765625E-5 9.765625E-5 9.765625E-5 9.765625E-5 9.765625E-5 9.765625E-5 9.765625E-5 9.765625E-5 9.765625E-5 9.765625E-5 9.765625E-5 9.765625E-5 9.765625E-5 9.765625E-5 9.765625E-5 9.765625E-5 9.765625E-5 9.765625E-5 9.765625E-5 2.587631E-4 
9.765625E-5 9.765625E-5 9.765625E-5 9.765625E-5 9.765625E-5 9.765625E-5 9.765625E-5 9.765625E-5 9.765625E-5 9.765625E-5 9.765625E-5 9.765625E-5 9.765625E-5 9.765625E-5 9.765625E-5 9.765625E-5 9.765625E-5 9.765625E-5 9.765625E-5 9.765625E-5 9.765625E-5 9.765625E-5 9.765625E-5 9.765625E-5 9.765625E-5 9.765625E-5 9.765625E-5 9.765625E-5 9.765625E-5 2.587631E-4 9.765625E-5 9.765625E-5 9.765625E-5 9.765625E-5 9.765625E-5 9.765625E-5 2.587631E-4 9.765625E-5 9.765625E-5 9.765625E-5 9.765625E-5 9.765625E-5 9.765625E-5 9.765625E-5 9.765625E-5 9.765625E-5 9.765625E-5 9.765625E-5 
9.765625E-5 9.765625E-5 9.765625E-5 9.765625E-5 9.765625E-5 9.765625E-5 9.765625E-5 9.765625E-5 9.765625E-5 9.765625E-5 9.765625E-5 9.765625E-5 9.765625E-5 9.765625E-5 9.765625E-5 9.765625E-5 9.765625E-5 2.587631E-4 9.765625E-5 9.765625E-5 9.765625E-5 9.765625E-5 9.765625E-5 9.765625E-5 9.765625E-5 9.765625E-5 9.765625E-5 9.765625E-5 9.765625E-5 9.765625E-5 9.765625E-5 9.765625E-5 9.765625E-5 9.765625E-5 9.765625E-5 2.587631E-4 9.765625E-5 9.765625E-5 9.765625E-5 9.765625E-5 9.765625E-5 9.765625E-5 9.765625E-5 9.765625E-5 9.765625E-5 9.765625E-5 9.765625E-5 9.765625E-5 
2.587631E-4 9.765625E-5 9.765625E-5 9.765625E-5 9.765625E-5 9.765625E-5 9.765625E-5 9.765625E-5 9.765625E-5 9.765625E-5 9.765625E-5 9.765625E-5 9.765625E-5 9.765625E-5 9.765625E-5 9.765625E-5 9.765625E-5 9.765625E-5 9.765625E-5 9.765625E-5 9.765625E-5 9.765625E-5 9.765625E-5 9.765625E-5 9.765625E-5 9.765625E-5 9.765625E-5 9.765625E-5 9.765625E-5 9.765625E-5 9.765625E-5 9.765625E-5 9.765625E-5 9.765625E-5 9.765625E-5 9.765625E-5 9.765625E-5 2.587631E-4 9.765625E-5 9.765625E-5 9.765625E-5 9.765625E-5 9.765625E-5 9.765625E-5 9.765625E-5 9.765625E-5 9.765625E-5 9.765625E-5 
2.587631E-4 9.765625E-5 9.765625E-5 9.765625E-5 9.765625E-5 9.765625E-5 9.765625E-5 9.765625E-5 9.765625E-5 9.765625E-5 9.765625E-5 9.765625E-5 9.765625E-5 9.765625E-5 9.765625E-5 9.765625E-5 9.765625E-5 9.765625E-5 9.765625E-5 9.765625E-5 9.765625E-5 9.765625E-5 9.765625E-5 9.765625E-5 9.765625E-5 9.765625E-5 9.765625E-5 9.765625E-5 9.765625E-5 9.765625E-5 9.765625E-5 9.765625E-5 9.765625E-5 9.765625E-5 9.765625E-5 9.765625E-5 9.765625E-5 9.765625E-5 9.765625E-5 2.587631E-4 9.765625E-5 9.765625E-5 9.765625E-5 9.765625E-5 9.765625E-5 9.765625E-5 9.765625E-5 9.765625E-5 
9.765625E-5 9.765625E-5 9.765625E-5 9.765625E-5 2.587631E-4 9.765625E-5 9.765625E-5 9.765625E-5 9.765625E-5 9.765625E-5 9.765625E-5 9.765625E-5 9.765625E-5 9.765625E-5 9.765625E-5 9.765625E-5 9.765625E-5 9.765625E-5 9.765625E-5 9.765625E-5 9.765625E-5 9.765625E-5 9.765625E-5 2.587631E-4 9.765625E-5 9.765625E-5 9.765625E-5 9.765625E-5 9.765625E-5 9.765625E-5 9.765625E-5 9.765625E-5 9.765625E-5 9.765625E-5 9.765625E-5 9.765625E-5 9.765625E-5 9.765625E-5 9.765625E-5 9.765625E-5 9.765625E-5 9.765625E-5 9.765625E-5 9.765625E-5 9.765625E-5 9.765625E-5 9.765625E-5 9.765625E-5 
9.765625E-5 9.765625E-5 9.765625E-5 9.765625E-5 9.765625E-5 9.765625E-5 9.765625E-5 9.765625E-5 9.765625E-5 9.765625E-5 9.765625E-5 2.587631E-4 9.765625E-5 9.765625E-5 9.765625E-5 9.765625E-5 9.765625E-5 9.765625E-5 9.765625E-5 9.765625E-5 9.765625E-5 9.765625E-5 2.587631E-4 9.765625E-5 9.765625E-5 9.765625E-5 9.765625E-5 9.765625E-5 9.765625E-5 9.765625E-5 9.765625E-5 9.765625E-5 9.765625E-5 9.765625E-5 9.765625E-5 9.765625E-5 9.765625E-5 9.765625E-5 9.765625E-5 9.765625E-5 9.765625E-5 9.765625E-5 9.765625E-5 9.765625E-5 9.765625E-5 9.765625E-5 9.765625E-5 9.765625E-5 
9.765625E-5 9.765625E-5 9.765625E-5 9.765625E-5 9.765625E-5 9.765625E-5 9.765625E-5 9.765625E-5 9.765625E-5 9.765625E-5 2.587631E-4 9.765625E-5 9.765625E-5 9.765625E-5 9.765625E-5 9.765625E-5 9.765625E-5 9.765625E-5 9.765625E-5 9.765625E-5 9.765625E-5 9.765625E-5 9.765625E-5 9.765625E-5 9.765625E-5 9.765625E-5 9.765625E-5 9.765625E-5 9.765625E-5 9.765625E-5 9.765625E-5 9.765625E-5 2.587631E-4 9.765625E-5 9.765625E-5 9.765625E-5 9.765625E-5 9.765625E-5 9.765625E-5 9.765625E-5 9.765625E-5 9.765625E-5 9.765625E-5 9.765625E-5 9.765625E-5 9.765625E-5 9.765625E-5 9.765625E-5 
9.765625E-5 9.765625E-5 9.765625E-5 9.765625E-5 9.765625E-5 9.765625E-5 9.765625E-5 9.765625E-5 9.765625E-5 9.765625E-5 9.765625E-5 9.765625E-5 9.765625E-5 9.765625E-5 9.765625E-5 9.765625E-5 9.765625E-5 9.765625E-5 9.765625E-5 9.765625E-5 2.587631E-4 9.765625E-5 9.765625E-5 9.765625E-5 2.587631E-4 9.765625E-5 9.765625E-5 9.765625E-5 9.765625E-5 9.765625E-5 9.765625E-5 9.765625E-5 9.765625E-5 9.765625E-5 9.765625E-5 9.765625E-5 9.765625E-5 9.765625E-5 9.765625E-5 9.765625E-5 9.765625E-5 9.765625E-5 9.765625E-5 9.765625E-5 9.765625E-5 9.765625E-5 9.765625E-5 9.765625E-5 
9.765625E-5 9.765625E-5 2.587631E-4 9.765625E-5 9.765625E-5 9.765625E-5 9.765625E-5 9.765625E-5 9.765625E-5 9.765625E-5 9.765625E-5 9.765625E-5 9.765625E-5 9.765625E-5 9.765625E-5 9.765625E-5 9.765625E-5 9.765625E-5 9.765625E-5 9.765625E-5 9.765625E-5 9.765625E-5 2.587631E-4 9.765625E-5 9.765625E-5 9.765625E-5 9.765625E-5 9.765625E-5 9.765625E-5 9.765625E-5 9.765625E-5 9.765625E-5 9.765625E-5 9.765625E-5 9.765625E-5 9.765625E-5 9.765625E-5 9.765625E-5 9.765625E-5 9.765625E-5 9.765625E-5 9.765625E-5 9.765625E-5 9.765625E-5 9.765625E-5 9.765625E-5 9.765625E-5 9.765625E-5 
9.765625E-5 9.765625E-5 9.765625E-5 9.765625E-5 9.765625E-5 9.765625E-5 9.765625E-5 9.765625E-5 9.765625E-5 9.765625E-5 9.765625E-5 9.765625E-5 9.765625E-5 9.765625E-5 9.765625E-5 9.765625E-5 9.765625E-5 9.765625E-5 9.765625E-5 9.765625E-5 9.765625E-5 9.765625E-5 9.765625E-5 9.765625E-5 9.765625E-5 9.765625E-5 9.765625E-5 9.765625E-5 9.765625E-5 9.765625E-5 9.765625E-5 9.765625E-5 2.587631E-4 9.765625E-5 9.765625E-5 9.765625E-5 9.765625E-5 9.765625E-5 9.765625E-5 2.587631E-4 9.765625E-5 9.765625E-5 9.765625E-5 9.765625E-5 9.765625E-5 9.765625E-5 9.765625E-5 9.765625E-5 
9.765625E-5 9.765625E-5 9.765625E-5 9.765625E-5 9.765625E-5 9.765625E-5 9.765625E-5 9.765625E-5 9.765625E-5 9.765625E-5 9.765625E-5 9.765625E-5 9.765625E-5 9.765625E-5 9.765625E-5 9.765625E-5 9.765625E-5 9.765625E-5 9.765625E-5 9.765625E-5 9.765625E-5 2.587631E-4 9.765625E-5 9.765625E-5 9.765625E-5 9.765625E-5 9.765625E-5 9.765625E-5 9.765625E-5 9.765625E-5 9.765625E-5 9.765625E-5 9.765625E-5 9.765625E-5 9.765625E-5 9.765625E-5 9.765625E-5 9.765625E-5 9.765625E-5 9.765625E-5 2.587631E-4 9.765625E-5 9.765625E-5 9.765625E-5 9.765625E-5 9.765625E-5 9.765625E-5 9.765625E-5 
9.765625E-5 9.765625E-5 9.765625E-5 9.765625E-5 9.765625E-5 9.765625E-5 9.765625E-5 9.765625E-5 9.765625E-5 9.765625E-5 9.765625E-5 9.765625E-5 9.765625E-5 9.765625E-5 9.765625E-5 9.765625E-5 9.765625E-5 9.765625E-5 9.765625E-5 9.765625E-5 9.765625E-5 9.765625E-5 9.765625E-5 9.765625E-5 9.765625E-5 9.765625E-5 9.765625E-5 9.765625E-5 9.765625E-5 2.587631E-4 9.765625E-5 9.765625E-5 9.765625E-5 9.765625E-5 9.765625E-5 9.765625E-5 9.765625E-5 9.765625E-5 9.765625E-5 9.765625E-5 9.765625E-5 9.765625E-5 9.765625E-5 2.587631E-4 9.765625E-5 9.765625E-5 9.765625E-5 9.765625E-5 
9.765625E-5 9.765625E-5 9.765625E-5 9.765625E-5 9.765625E-5 9.765625E-5 2.587631E-4 9.765625E-5 9.765625E-5 9.765625E-5 9.765625E-5 9.765625E-5 9.765625E-5 9.765625E-5 9.765625E-5 9.765625E-5 9.765625E-5 9.765625E-5 9.765625E-5 9.765625E-5 9.765625E-5 9.765625E-5 9.765625E-5 9.765625E-5 9.765625E-5 9.765625E-5 9.765625E-5 9.765625E-5 9.765625E-5 9.765625E-5 2.587631E-4 9.765625E-5 9.765625E-5 9.765625E-5 9.765625E-5 9.765625E-5 9.765625E-5 9.765625E-5 9.765625E-5 9.765625E-5 9.765625E-5 9.765625E-5 9.765625E-5 9.765625E-5 9.765625E-5 9.765625E-5 9.765625E-5 9.765625E-5 
9.765625E-5 9.765625E-5 9.765625E-5 9.765625E-5 9.765625E-5 9.765625E-5 9.765625E-5 9.765625E-5 9.765625E-5 9.765625E-5 9.765625E-5 9.765625E-5 9.765625E-5 9.765625E-5 9.765625E-5 9.765625E-5 9.765625E-5 9.765625E-5 9.765625E-5 9.765625E-5 9.765625E-5 9.765625E-5 9.765625E-5 9.765625E-5 9.765625E-5 9.765625E-5 2.587631E-4 9.765625E-5 9.765625E-5 9.765625E-5 9.765625E-5 9.765625E-5 9.765625E-5 9.765625E-5 9.765625E-5 9.765625E-5 2.587631E-4 9.765625E-5 9.765625E-5 9.765625E-5 9.765625E-5 9.765625E-5 9.765625E-5 9.765625E-5 9.765625E-5 9.765625E-5 9.765625E-5 9.765625E-5 
9.765625E-5 9.765625E-5 9.765625E-5 9.765625E-5 9.765625E-5 9.765625E-5 9.765625E-5 9.765625E-5 9.765625E-5 9.765625E-5 9.765625E-5 9.765625E-5 9.765625E-5 9.765625E-5 9.765625E-5 9.765625E-5 9.765625E-5 9.765625E-5 9.765625E-5 9.765625E-5 9.765625E-5 9.765625E-5 9.765625E-5 9.765625E-5 9.765625E-5 9.765625E-5 9.765625E-5 9.765625E-5 9.765625E-5 9.765625E-5 9.765625E-5 9.765625E-5 9.765625E-5 9.765625E-5 9.765625E-5 9.765625E-5 9.765625E-5 9.765625E-5 9.765625E-5 9.765625E-5 9.765625E-5 9.765625E-5 9.765625E-5 9.765625E-5 9.765625E-5 2.587631E-4 2.587631E-4 9.765625E-5 
9.765625E-5 9.765625E-5 9.765625E-5 9.765625E-5 9.765625E-5 9.765625E-5 9.765625E-5 9.765625E-5 9.765625E-5 9.765625E-5 9.765625E-5 9.765625E-5 2.587631E-4 9.765625E-5 9.765625E-5 9.765625E-5 9.765625E-5 9.765625E-5 9.765625E-5 9.765625E-5 9.765625E-5 9.765625E-5 9.765625E-5 9.765625E-5 9.765625E-5 9.765625E-5 9.765625E-5 9.765625E-5 9.765625E-5 9.765625E-5 9.765625E-5 9.765625E-5 9.765625E-5 9.765625E-5 9.765625E-5 9.765625E-5 9.765625E-5 9.765625E-5 9.765625E-5 9.765625E-5 9.765625E-5 9.765625E-5 9.765625E-5 9.765625E-5 9.765625E-5 9.765625E-5 2.587631E-4 9.765625E-5 
9.765625E-5 9.765625E-5 2.587631E-4 9.765625E-5 9.765625E-5 9.765625E-5 9.765625E-5 9.765625E-5 9.765625E-5 9.765625E-5 9.765625E-5 9.765625E-5 9.765625E-5 9.765625E-5 9.765625E-5 2.587631E-4 9.765625E-5 9.765625E-5 9.765625E-5 9.765625E-5 9.765625E-5 9.765625E-5 9.765625E-5 9.765625E-5 9.765625E-5 9.765625E-5 9.765625E-5 9.765625E-5 9.765625E-5 9.765625E-5 9.765625E-5 9.765625E-5 9.765625E-5 9.765625E-5 9.765625E-5 9.765625E-5 9.765625E-5 9.765625E-5 9.765625E-5 9.765625E-5 9.765625E-5 9.765625E-5 9.765625E-5 9.765625E-5 9.765625E-5 9.765625E-5 9.765625E-5 9.765625E-5 
9.765625E-5 9.765625E-5 9.765625E-5 9.765625E-5 9.765625E-5 9.765625E-5 9.765625E-5 9.765625E-5 9.765625E-5 9.765625E-5 2.587631E-4 9.765625E-5 9.765625E-5 2.587631E-4 9.765625E-5 9.765625E-5 9.765625E-5 9.765625E-5 9.765625E-5 9.765625E-5 9.765625E-5 9.765625E-5 9.765625E-5 9.765625E-5 9.765625E-5 9.765625E-5 9.765625E-5 9.765625E-5 9.765625E-5 9.765625E-5 9.765625E-5 9.765625E-5 9.765625E-5 9.765625E-5 9.765625E-5 9.765625E-5 9.765625E-5 9.765625E-5 9.765625E-5 9.765625E-5 9.765625E-5 9.765625E-5 9.765625E-5 9.765625E-5 9.765625E-5 9.765625E-5 9.765625E-5 9.765625E-5 
9.765625E-5 9.765625E-5 9.765625E-5 9.765625E-5 9.765625E-5 9.765625E-5 9.765625E-5 9.765625E-5 9.765625E-5 2.587631E-4 9.765625E-5 9.765625E-5 9.765625E-5 9.765625E-5 9.765625E-5 9.765625E-5 9.765625E-5 9.765625E-5 9.765625E-5 9.765625E-5 9.765625E-5 9.765625E-5 9.765625E-5 9.765625E-5 9.765625E-5 9.765625E-5 9.765625E-5 9.765625E-5 9.765625E-5 9.765625E-5 9.765625E-5 9.765625E-5 9.765625E-5 9.765625E-5 9.765625E-5 9.765625E-5 9.765625E-5 9.765625E-5 9.765625E-5 9.765625E-5 9.765625E-5 2.587631E-4 9.765625E-5 9.765625E-5 9.765625E-5 9.765625E-5 9.765625E-5 9.765625E-5 
9.765625E-5 9.765625E-5 9.765625E-5 9.765625E-5 9.765625E-5 9.765625E-5 9.765625E-5 9.765625E-5 9.765625E-5 9.765625E-5 9.765625E-5 9.765625E-5 2.587631E-4 9.765625E-5 9.765625E-5 9.765625E-5 9.765625E-5 9.765625E-5 9.765625E-5 9.765625E-5 9.765625E-5 9.765625E-5 9.765625E-5 9.765625E-5 9.765625E-5 9.765625E-5 9.765625E-5 9.765625E-5 9.765625E-5 9.765625E-5 9.765625E-5 9.765625E-5 9.765625E-5 9.765625E-5 9.765625E-5 9.765625E-5 9.765625E-5 9.765625E-5 2.587631E-4 9.765625E-5 9.765625E-5 9.765625E-5 9.765625E-5 9.765625E-5 9.765625E-5 9.765625E-5 9.765625E-5 9.765625E-5 
9.765625E-5 9.765625E-5 9.765625E-5 2.587631E-4 9.765625E-5 9.765625E-5 9.765625E-5 9.765625E-5 9.765625E-5 9.765625E-5 9.765625E-5 9.765625E-5 9.765625E-5 9.765625E-5 9.765625E-5 9.765625E-5 9.765625E-5 9.765625E-5 9.765625E-5 9.765625E-5 9.765625E-5 9.765625E-5 9.765625E-5 9.765625E-5 9.765625E-5 9.765625E-5 9.765625E-5 9.765625E-5 9.765625E-5 9.765625E-5 9.765625E-5 9.765625E-5 9.765625E-5 9.765625E-5 9.765625E-5 9.765625E-5 9.765625E-5 9.765625E-5 9.765625E-5 9.765625E-5 9.765625E-5 2.587631E-4 9.765625E-5 9.765625E-5 9.765625E-5 9.765625E-5 9.765625E-5 9.765625E-5 
9.765625E-5 9.765625E-5 9.765625E-5 9.765625E-5 9.765625E-5 9.765625E-5 9.765625E-5 9.765625E-5 9.765625E-5 9.765625E-5 9.765625E-5 9.765625E-5 9.765625E-5 9.765625E-5 9.765625E-5 9.765625E-5 9.765625E-5 9.765625E-5 2.587631E-4 9.765625E-5 9.765625E-5 9.765625E-5 9.765625E-5 9.765625E-5 9.765625E-5 9.765625E-5 9.765625E-5 9.765625E-5 9.765625E-5 9.765625E-5 9.765625E-5 9.765625E-5 9.765625E-5 9.765625E-5 9.765625E-5 9.765625E-5 9.765625E-5 9.765625E-5 9.765625E-5 9.765625E-5 9.765625E-5 9.765625E-5 2.587631E-4 9.765625E-5 9.765625E-5 9.765625E-5 9.765625E-5 9.765625E-5 
9.765625E-5 9.765625E-5 9.765625E-5 9.765625E-5 9.765625E-5 9.765625E-5 9.765625E-5 9.765625E-5 9.765625E-5 9.765625E-5 9.765625E-5 9.765625E-5 9.765625E-5 9.765625E-5 9.765625E-5 9.765625E-5 9.765625E-5 9.765625E-5 9.765625E-5 9.765625E-5 9.765625E-5 9.765625E-5 9.765625E-5 9.765625E-5 9.765625E-5 9.765625E-5 9.765625E-5 9.765625E-5 9.765625E-5 9.765625E-5 9.765625E-5 9.765625E-5 9.765625E-5 9.765625E-5 9.765625E-5 2.587631E-4 9.765625E-5 9.765625E-5 9.765625E-5 9.765625E-5 9.765625E-5 9.765625E-5 2.587631E-4 9.765625E-5 9.765625E-5 9.765625E-5 9.765625E-5 9.765625E-5 
9.765625E-5 2.587631E-4 9.765625E-5 9.765625E-5 9.765625E-5 9.765625E-5 9.765625E-5 9.765625E-5 9.765625E-5 9.765625E-5 9.765625E-5 9.765625E-5 9.765625E-5 9.765625E-5 9.765625E-5 9.765625E-5 9.765625E-5 9.765625E-5 9.765625E-5 9.765625E-5 9.765625E-5 9.765625E-5 9.765625E-5 9.765625E-5 9.765625E-5 9.765625E-5 9.765625E-5 9.765625E-5 9.765625E-5 9.765625E-5 9.765625E-5 9.765625E-5 9.765625E-5 2.587631E-4 9.765625E-5 9.765625E-5 9.765625E-5 9.765625E-5 9.765625E-5 9.765625E-5 9.765625E-5 9.765625E-5 9.765625E-5 9.765625E-5 9.765625E-5 9.765625E-5 9.765625E-5 9.765625E-5 
9.765625E-5 9.765625E-5 9.765625E-5 9.765625E-5 9.765625E-5 2.587631E-4 9.765625E-5 9.765625E-5 9.765625E-5 9.765625E-5 9.765625E-5 9.765625E-5 9.765625E-5 9.765625E-5 9.765625E-5 9.765625E-5 2.587631E-4 9.765625E-5 9.765625E-5 9.765625E-5 9.765625E-5 9.765625E-5 9.765625E-5 9.765625E-5 9.765625E-5 9.765625E-5 9.765625E-5 9.765625E-5 9.765625E-5 9.765625E-5 9.765625E-5 9.765625E-5 9.765625E-5 9.765625E-5 9.765625E-5 9.765625E-5 9.765625E-5 9.765625E-5 9.765625E-5 9.765625E-5 9.765625E-5 9.765625E-5 9.765625E-5 9.765625E-5 9.765625E-5 9.765625E-5 9.765625E-5 9.765625E-5 
9.765625E-5 9.765625E-5 9.765625E-5 9.765625E-5 9.765625E-5 9.765625E-5 9.765625E-5 9.765625E-5 9.765625E-5 9.765625E-5 9.765625E-5 9.765625E-5 9.765625E-5 9.765625E-5 9.765625E-5 9.765625E-5 9.765625E-5 2.587631E-4 9.765625E-5 9.765625E-5 9.765625E-5 9.765625E-5 9.765625E-5 9.765625E-5 9.765625E-5 9.765625E-5 9.765625E-5 9.765625E-5 9.765625E-5 9.765625E-5 9.765625E-5 9.765625E-5 9.765625E-5 9.765625E-5 9.765625E-5 9.765625E-5 9.765625E-5 2.587631E-4 9.765625E-5 9.765625E-5 9.765625E-5 9.765625E-5 9.765625E-5 9.765625E-5 9.765625E-5 9.765625E-5 9.765625E-5 9.765625E-5 
9.765625E-5 9.765625E-5 9.765625E-5 9.765625E-5 9.765625E-5 9.765625E-5 9.765625E-5 9.765625E-5 9.765625E-5 9.765625E-5 9.765625E-5 9.765625E-5 9.765625E-5 9.765625E-5 9.765625E-5 9.765625E-5 9.765625E-5 9.765625E-5 9.765625E-5 9.765625E-5 9.765625E-5 9.765625E-5 9.765625E-5 9.765625E-5 9.765625E-5 9.765625E-5 9.765625E-5 9.765625E-5 9.765625E-5 9.765625E-5 9.765625E-5 9.765625E-5 9.765625E-5 9.765625E-5 9.765625E-5 9.765625E-5 9.765625E-5 9.765625E-5 2.587631E-4 9.765625E-5 9.765625E-5 9.765625E-5 9.765625E-5 9.765625E-5 9.765625E-5 9.765625E-5 9.765625E-5 2.587631E-4 
9.765625E-5 9.765625E-5 9.765625E-5 9.765625E-5 9.765625E-5 9.765625E-5 9.765625E-5 9.765625E-5 9.765625E-5 9.765625E-5 9.765625E-5 2.587631E-4 9.765625E-5 9.765625E-5 2.587631E-4 9.765625E-5 9.765625E-5 9.765625E-5 9.765625E-5 9.765625E-5 9.765625E-5 9.765625E-5 9.765625E-5 9.765625E-5 9.765625E-5 9.765625E-5 9.765625E-5 9.765625E-5 9.765625E-5 9.765625E-5 9.765625E-5 9.765625E-5 9.765625E-5 9.765625E-5 9.765625E-5 9.765625E-5 9.765625E-5 9.765625E-5 9.765625E-5 9.765625E-5 9.765625E-5 9.765625E-5 9.765625E-5 9.765625E-5 9.765625E-5 9.765625E-5 9.765625E-5 9.765625E-5 
9.765625E-5 9.765625E-5 9.765625E-5 9.765625E-5 9.765625E-5 9.765625E-5 9.765625E-5 9.765625E-5 9.765625E-5 9.765625E-5 9.765625E-5 9.765625E-5 9.765625E-5 9.765625E-5 9.765625E-5 9.765625E-5 9.765625E-5 9.765625E-5 9.765625E-5 9.765625E-5 9.765625E-5 9.765625E-5 9.765625E-5 9.765625E-5 9.765625E-5 9.765625E-5 9.765625E-5 9.765625E-5 2.587631E-4 9.765625E-5 9.765625E-5 9.765625E-5 9.765625E-5 9.765625E-5 9.765625E-5 9.765625E-5 9.765625E-5 9.765625E-5 9.765625E-5 9.765625E-5 2.587631E-4 9.765625E-5 9.765625E-5 9.765625E-5 9.765625E-5 9.765625E-5 9.765625E-5 9.765625E-5 
9.765625E-5 9.765625E-5 9.765625E-5 2.587631E-4 9.765625E-5 9.765625E-5 9.765625E-5 9.765625E-5 9.765625E-5 9.765625E-5 9.765625E-5 9.765625E-5 9.765625E-5 9.765625E-5 9.765625E-5 9.765625E-5 9.765625E-5 9.765625E-5 9.765625E-5 9.765625E-5 9.765625E-5 9.765625E-5 9.765625E-5 9.765625E-5 9.765625E-5 9.765625E-5 9.765625E-5 9.765625E-5 9.765625E-5 9.765625E-5 9.765625E-5 9.765625E-5 9.765625E-5 9.765625E-5 9.765625E-5 9.765625E-5 9.765625E-5 9.765625E-5 9.765625E-5 9.765625E-5 9.765625E-5 9.765625E-5 9.765625E-5 9.765625E-5 2.587631E-4 9.765625E-5 9.765625E-5 9.765625E-5 
9.765625E-5 9.765625E-5 9.765625E-5 9.765625E-5 9.765625E-5 9.765625E-5 2.587631E-4 9.765625E-5 9.765625E-5 9.765625E-5 9.765625E-5 9.765625E-5 9.765625E-5 9.765625E-5 9.765625E-5 9.765625E-5 9.765625E-5 9.765625E-5 9.765625E-5 9.765625E-5 9.765625E-5 9.765625E-5 9.765625E-5 9.765625E-5 9.765625E-5 9.765625E-5 9.765625E-5 2.587631E-4 9.765625E-5 9.765625E-5 9.765625E-5 9.765625E-5 9.765625E-5 9.765625E-5 9.765625E-5 9.765625E-5 9.765625E-5 9.765625E-5 9.765625E-5 9.765625E-5 9.765625E-5 9.765625E-5 9.765625E-5 9.765625E-5 9.765625E-5 9.765625E-5 9.765625E-5 9.765625E-5 
9.765625E-5 9.765625E-5 9.765625E-5 9.765625E-5 9.765625E-5 2.587631E-4 9.765625E-5 9.765625E-5 9.765625E-5 9.765625E-5 9.765625E-5 9.765625E-5 9.765625E-5 9.765625E-5 9.765625E-5 9.765625E-5 9.765625E-5 9.765625E-5 2.587631E-4 9.765625E-5 9.765625E-5 9.765625E-5 9.765625E-5 9.765625E-5 9.765625E-5 9.765625E-5 9.765625E-5 9.765625E-5 9.765625E-5 9.765625E-5 9.765625E-5 9.765625E-5 9.765625E-5 9.765625E-5 9.765625E-5 9.765625E-5 9.765625E-5 9.765625E-5 9.765625E-5 9.765625E-5 9.765625E-5 9.765625E-5 9.765625E-5 9.765625E-5 9.765625E-5 9.765625E-5 9.765625E-5 9.765625E-5 
9.765625E-5 9.765625E-5 9.765625E-5 9.765625E-5 9.765625E-5 9.765625E-5 9.765625E-5 2.587631E-4 9.765625E-5 9.765625E-5 9.765625E-5 9.765625E-5 9.765625E-5 9.765625E-5 9.765625E-5 9.765625E-5 9.765625E-5 9.765625E-5 9.765625E-5 9.765625E-5 9.765625E-5 9.765625E-5 9.765625E-5 9.765625E-5 9.765625E-5 9.765625E-5 9.765625E-5 9.765625E-5 9.765625E-5 9.765625E-5 2.587631E-4 9.765625E-5 9.765625E-5 9.765625E-5 9.765625E-5 9.765625E-5 9.765625E-5 9.765625E-5 9.765625E-5 9.765625E-5 9.765625E-5 9.765625E-5 9.765625E-5 9.765625E-5 9.765625E-5 9.765625E-5 9.765625E-5 9.765625E-5 
9.765625E-5 9.765625E-5 9.765625E-5 9.765625E-5 9.765625E-5 9.765625E-5 9.765625E-5 9.765625E-5 9.765625E-5 9.765625E-5 9.765625E-5 9.765625E-5 9.765625E-5 9.765625E-5 9.765625E-5 9.765625E-5 9.765625E-5 9.765625E-5 9.765625E-5 9.765625E-5 9.765625E-5 9.765625E-5 9.765625E-5 9.765625E-5 2.587631E-4 9.765625E-5 9.765625E-5 9.765625E-5 9.765625E-5 9.765625E-5 9.765625E-5 2.587631E-4 9.765625E-5 9.765625E-5 9.765625E-5 9.765625E-5 9.765625E-5 9.765625E-5 9.765625E-5 9.765625E-5 9.765625E-5 9.765625E-5 9.765625E-5 9.765625E-5 9.765625E-5 9.765625E-5 9.765625E-5 9.765625E-5 
9.765625E-5 9.765625E-5 9.765625E-5 9.765625E-5 9.765625E-5 9.765625E-5 9.765625E-5 9.765625E-5 2.587631E-4 9.765625E-5 9.765625E-5 9.765625E-5 9.765625E-5 9.765625E-5 2.587631E-4 9.765625E-5 9.765625E-5 9.765625E-5 9.765625E-5 9.765625E-5 9.765625E-5 9.765625E-5 9.765625E-5 9.765625E-5 9.765625E-5 9.765625E-5 9.765625E-5 9.765625E-5 9.765625E-5 9.765625E-5 9.765625E-5 9.765625E-5 9.765625E-5 9.765625E-5 9.765625E-5 9.765625E-5 9.765625E-5 9.765625E-5 9.765625E-5 9.765625E-5 9.765625E-5 9.765625E-5 9.765625E-5 9.765625E-5 9.765625E-5 9.765625E-5 9.765625E-5 9.765625E-5 
9.765625E-5 9.765625E-5 9.765625E-5 9.765625E-5 9.765625E-5 9.765625E-5 9.765625E-5 9.765625E-5 9.765625E-5 9.765625E-5 9.765625E-5 9.765625E-5 9.765625E-5 9.765625E-5 9.765625E-5 2.587631E-4 9.765625E-5 9.765625E-5 9.765625E-5 9.765625E-5 9.765625E-5 9.765625E-5 9.765625E-5 9.765625E-5 9.765625E-5 9.765625E-5 9.765625E-5 9.765625E-5 9.765625E-5 9.765625E-5 9.765625E-5 9.765625E-5 9.765625E-5 2.587631E-4 9.765625E-5 9.765625E-5 9.765625E-5 9.765625E-5 9.765625E-5 9.765625E-5 9.765625E-5 9.765625E-5 9.765625E-5 9.765625E-5 9.765625E-5 9.765625E-5 9.765625E-5 9.765625E-5 
9.765625E-5 9.765625E-5 9.765625E-5 9.765625E-5 9.765625E-5 9.765625E-5 9.765625E-5 9.765625E-5 9.765625E-5 9.765625E-5 9.765625E-5 9.765625E-5 9.765625E-5 9.765625E-5 9.765625E-5 9.765625E-5 9.765625E-5 9.765625E-5 9.765625E-5 9.765625E-5 9.765625E-5 9.765625E-5 9.765625E-5 2.587631E-4 9.765625E-5 2.587631E-4 9.765625E-5 9.765625E-5 9.765625E-5 9.765625E-5 9.765625E-5 9.765625E-5 9.765625E-5 9.765625E-5 9.765625E-5 9.765625E-5 9.765625E-5 9.765625E-5 9.765625E-5 9.765625E-5 9.765625E-5 9.765625E-5 9.765625E-5 9.765625E-5 9.765625E-5 9.765625E-5 9.765625E-5 9.765625E-5 
9.765625E-5 9.765625E-5 9.765625E-5 9.765625E-5 9.765625E-5 9.765625E-5 9.765625E-5 9.765625E-5 9.765625E-5 9.765625E-5 9.765625E-5 9.765625E-5 9.765625E-5 9.765625E-5 9.765625E-5 9.765625E-5 9.765625E-5 9.765625E-5 9.765625E-5 9.765625E-5 9.765625E-5 9.765625E-5 9.765625E-5 9.765625E-5 9.765625E-5 9.765625E-5 2.587631E-4 2.587631E-4 9.765625E-5 9.765625E-5 9.765625E-5 9.765625E-5 9.765625E-5 9.765625E-5 9.765625E-5 9.765625E-5 9.765625E-5 9.765625E-5 9.765625E-5 9.765625E-5 9.765625E-5 9.765625E-5 9.765625E-5 9.765625E-5 9.765625E-5 9.765625E-5 9.765625E-5 9.765625E-5 
9.765625E-5 9.765625E-5 9.765625E-5 9.765625E-5 9.765625E-5 9.765625E-5 9.765625E-5 9.765625E-5 9.765625E-5 9.765625E-5 9.765625E-5 9.765625E-5 9.765625E-5 9.765625E-5 9.765625E-5 9.765625E-5 2.587631E-4 9.765625E-5 9.765625E-5 9.765625E-5 9.765625E-5 9.765625E-5 9.765625E-5 9.765625E-5 9.765625E-5 9.765625E-5 9.765625E-5 9.765625E-5 9.765625E-5 9.765625E-5 9.765625E-5 9.765625E-5 9.765625E-5 9.765625E-5 9.765625E-5 9.765625E-5 9.765625E-5 9.765625E-5 9.765625E-5 9.765625E-5 9.765625E-5 9.765625E-5 9.765625E-5 9.765625E-5 9.765625E-5 2.587631E-4 9.765625E-5 9.765625E-5 
9.765625E-5 2.587631E-4 9.765625E-5 9.765625E-5 9.765625E-5 9.765625E-5 9.765625E-5 9.765625E-5 9.765625E-5 9.765625E-5 9.765625E-5 9.765625E-5 9.765625E-5 9.765625E-5 9.765625E-5 9.765625E-5 9.765625E-5 9.765625E-5 9.765625E-5 9.765625E-5 9.765625E-5 9.765625E-5 9.765625E-5 9.765625E-5 9.765625E-5 9.765625E-5 9.765625E-5 9.765625E-5 9.765625E-5 9.765625E-5 9.765625E-5 9.765625E-5 9.765625E-5 9.765625E-5 2.587631E-4 9.765625E-5 9.765625E-5 9.765625E-5 9.765625E-5 9.765625E-5 9.765625E-5 9.765625E-5 9.765625E-5 9.765625E-5 9.765625E-5 9.765625E-5 9.765625E-5 9.765625E-5 
9.765625E-5 9.765625E-5 9.765625E-5 9.765625E-5 9.765625E-5 9.765625E-5 9.765625E-5 9.765625E-5 9.765625E-5 9.765625E-5 9.765625E-5 9.765625E-5 9.765625E-5 9.765625E-5 9.765625E-5 9.765625E-5 9.765625E-5 9.765625E-5 9.765625E-5 2.587631E-4 9.765625E-5 9.765625E-5 9.765625E-5 9.765625E-5 9.765625E-5 9.765625E-5 9.765625E-5 9.765625E-5 9.765625E-5 9.765625E-5 9.765625E-5 9.765625E-5 9.765625E-5 9.765625E-5 9.765625E-5 9.765625E-5 9.765625E-5 9.765625E-5 9.765625E-5 9.765625E-5 9.765625E-5 9.765625E-5 9.765625E-5 2.587631E-4 9.765625E-5 9.765625E-5 9.765625E-5 9.765625E-5 
9.765625E-5 9.765625E-5 9.765625E-5 9.765625E-5 9.765625E-5 9.765625E-5 9.765625E-5 9.765625E-5 9.765625E-5 9.765625E-5 9.765625E-5 9.765625E-5 9.765625E-5 9.765625E-5 9.765625E-5 9.765625E-5 9.765625E-5 9.765625E-5 9.765625E-5 2.587631E-4 2.587631E-4 9.765625E-5 9.765625E-5 9.765625E-5 9.765625E-5 9.765625E-5 9.765625E-5 9.765625E-5 9.765625E-5 9.765625E-5 9.765625E-5 9.765625E-5 9.765625E-5 9.765625E-5 9.765625E-5 9.765625E-5 9.765625E-5 9.765625E-5 9.765625E-5 9.765625E-5 9.765625E-5 9.765625E-5 9.765625E-5 9.765625E-5 9.765625E-5 9.765625E-5 9.765625E-5 9.765625E-5 
9.765625E-5 9.765625E-5 9.765625E-5 9.765625E-5 2.587631E-4 9.765625E-5 9.765625E-5 9.765625E-5 9.765625E-5 9.765625E-5 9.765625E-5 9.765625E-5 9.765625E-5 9.765625E-5 9.765625E-5 9.765625E-5 9.765625E-5 9.765625E-5 9.765625E-5 9.765625E-5 9.765625E-5 9.765625E-5 9.765625E-5 9.765625E-5 9.765625E-5 9.765625E-5 9.765625E-5 9.765625E-5 9.765625E-5 9.765625E-5 9.765625E-5 2.587631E-4 9.765625E-5 9.765625E-5 9.765625E-5 9.765625E-5 9.765625E-5 9.765625E-5 9.765625E-5 9.765625E-5 9.765625E-5 9.765625E-5 9.765625E-5 9.765625E-5 9.765625E-5 9.765625E-5 9.765625E-5 9.765625E-5 
